Frustation Irwin version:
position A: Michael
position B: Dad
position C: Dick
position D: debug
First Roller: debug
3
 -4
6
 -4
4
 -4
2
 -4
2
 -4
4
 -4
3
 -4
3
 -4
1
 21
 22
1
 0
 0
6
 -4
6
 -4
5
 27
5
 1
2
 -4
2
 -4
5
 27
1
 -3
 0
1
 -3
 7
2
 -4
1
 -3
 4
1
 -3
 1
2
 8
2
 -4
4
 25
3
 0
5
 10
6
 -4
3
 0
5
 2
2
 15
4
 -4
1
 -3
 6
5
 3
6
 17
4
 -4
1
 7
5
 8
4
 23
6
 -4
6
 13
1
 0
 0
6
 5
4
 -4
1
 22
2
 1
4
 5
4
 -4
6
 19
5
 3
3
 -4
3
 -4
2
 49
4
 8
3
 -4
6
 -4
5
 27
3
 12
3
 -4
6
 -4
1
 21
 0
3
 15
6
 -4
2
 -4
2
 23
3
 18
3
 -4
5
 -4
3
 3
1
 -3
 0
5
 -4
2
 -4
6
 9
5
 1
3
 -4
1
 -3
 14
2
 11
6
 6
2
 -4
5
 15
1
 -3
 11
1
 -3
 0
5
 -4
6
 20
3
 15
1
 -3
 1
6
 -4
4
 2
1
 16
3
 0
1
 -3
 7
4
 2
2
 18
5
 3
3
 -4
1
 6
5
 51
2
 8
2
 -4
2
 7
2
 23
2
 10
6
 -4
2
 9
5
 21
6
 12
4
 -4
5
 11
2
 0
6
 18
2
 -4
3
 -4
4
 4
5
 24
6
 -4
2
 -4
3
 7
3
 -4
4
 -4
1
 -3
 14
5
 12
2
 29
1
 -3
 7
1
 -3
 15
4
 12
5
 -4
4
 8
2
 14
3
 25
5
 -4
3
 12
4
 16
5
 5
3
 -4
1
 -3
 7
1
 -3
 14
4
 9
4
 -4
6
 8
2
 15
6
 15
5
 -4
5
 14
3
 20
2
 17
6
 -4
3
 19
6
 1
3
 20
2
 -4
5
 22
3
 1
3
 52
5
 -4
4
 3
1
 4
1
 -3
 49
6
 -4
5
 3
1
 -3
 5
4
 21
3
 -4
1
 -3
 7
6
 6
6
 3
2
 -4
2
 8
2
 12
4
 7
6
 -4
5
 10
3
 14
6
 13
5
 -4
5
 15
1
 14
 14
2
 15
5
 -4
6
 20
6
 17
1
 50
5
 -4
6
 4
2
 23
2
 17
1
 -3
 0
2
 4
5
 2
3
 20
6
 1
2
 36
2
 2
1
 49
